0 0.1265625 0.9921875 0.065625 0.015625
0 0.1140625 0.87890625 0.06484375 0.0875
0 0.25703125 0.66171875 0.10625 0.22109375
0 0.63828125 0.0609375 0.06015625 0.121875
0 0.63671875 0.2015625 0.05859375 0.08203125
0 0.6484375 0.365625 0.075 0.09921875
0 0.65390625 0.50390625 0.06015625 0.090625
0 0.64140625 0.66640625 0.08984375 0.1640625
0 0.6484375 0.85234375 0.05625 0.06171875
0 0.92734375 0.81171875 0.09375 0.1328125
0 0.8734375 0.6015625 0.1 0.13203125
0 0.85078125 0.48671875 0.09140625 0.08828125
0 0.85234375 0.33671875 0.07890625 0.109375
0 0.83984375 0.19453125 0.06875 0.0859375
0 0.9796875 0.3328125 0.040625 0.08046875
0 0.990625 0.6734375 0.01875 0.1