0 0.0546875 0.2390625 0.06171875 0.13515625
0 0.05625 0.42734375 0.06796875 0.096875
0 0.06640625 0.59609375 0.06328125 0.09140625
0 0.06171875 0.7625 0.07578125 0.10234375
0 0.07421875 0.89453125 0.0796875 0.15078125
0 0.240625 0.78046875 0.121875 0.20078125
0 0.22421875 0.55859375 0.06171875 0.08828125
0 0.23046875 0.44296875 0.09296875 0.06640625
0 0.215625 0.34453125 0.08203125 0.0734375
0 0.22265625 0.26796875 0.09609375 0.06953125
0 0.18515625 0.08984375 0.03984375 0.07734375
0 0.946875 0.99609375 0.0625 0.0078125