0 0.43046875 0.8734375 0.08984375 0.09765625
0 0.4453125 0.6671875 0.084375 0.11171875
0 0.425 0.15078125 0.0578125 0.0953125
0 0.4171875 0.025 0.078125 0.05
0 0.6375 0.0265625 0.13125 0.053125
0 0.62421875 0.16171875 0.06875 0.08359375
0 0.640625 0.2984375 0.09609375 0.128125
0 0.6171875 0.47578125 0.0671875 0.09609375
0 0.68359375 0.58203125 0.05078125 0.05703125
0 0.61640625 0.63359375 0.04609375 0.06796875
0 0.634375 0.98671875 0.06875 0.0265625
0 0.8171875 0.0234375 0.065625 0.04609375
0 0.82265625 0.1171875 0.06328125 0.08125