0 0.08671875 0.85703125 0.0609375 0.08203125
0 0.06484375 0.709375 0.05859375 0.071875
0 0.0640625 0.5828125 0.07734375 0.084375
0 0.08671875 0.265625 0.05 0.0828125
0 0.215625 0.01328125 0.06875 0.0265625
0 0.22265625 0.14140625 0.075 0.109375
0 0.2140625 0.32578125 0.07578125 0.08671875
0 0.21640625 0.46875 0.06171875 0.08984375
0 0.20625 0.84609375 0.06015625 0.0703125
0 0.8546875 0.884375 0.05859375 0.1265625
0 0.84921875 0.59453125 0.046875 0.05625
0 0.85390625 0.3953125 0.0359375 0.0421875
0 0.846875 0.2328125 0.05390625 0.06015625